Easting	Northing	InputData(smooth)	NSTDGL360	NSTDGL_EW	NSTDGL_NS	NSTDGL_NWSE	NSTDGL_NESW
 182300.00	8208950.00	11.22847	0.29473	0.31264	0.42467	0.22770	0.31538
 183200.00	8208950.00	13.65549	0.37453	0.36660	0.40676	0.31729	0.45466
 184100.00	8208950.00	16.13944	0.45447	0.44077	0.42731	0.40180	0.52335
 185000.00	8208950.00	18.67464	0.52951	0.52267	0.44173	0.49376	0.59494
 185900.00	8208950.00	21.25228	0.57720	0.58457	0.37097	0.54488	0.63745
 186800.00	8208950.00	21.73599	0.55047	0.52635	0.47108	0.48383	0.60043
 187700.00	8208950.00	22.17512	0.50147	0.44537	0.52295	0.37518	0.53691
 188600.00	8208950.00	22.55106	0.45056	0.36323	0.57693	0.27395	0.46457
 189500.00	8208950.00	22.83929	0.40667	0.28403	0.61410	0.15113	0.38551
 190400.00	8208950.00	23.02650	0.37880	0.22025	0.58288	0.27447	0.28480
 191300.00	8208950.00	23.11718	0.39422	0.27271	0.55620	0.38963	0.18408
 192200.00	8208950.00	23.11932	0.43807	0.37820	0.52826	0.49496	0.13713
 193100.00	8208950.00	23.04080	0.49217	0.49471	0.50439	0.57844	0.25322
 194000.00	8208950.00	22.89304	0.52220	0.57964	0.48558	0.61879	0.35605
 194900.00	8208950.00	22.69317	0.52809	0.64264	0.48136	0.62523	0.42671
 .
 .
 .
